 0.409912         0         0         0         0
  0.51001         0  0.000135         0 -0.000377
 0.610107         0  0.000179         0   -0.0005
 0.709961         0  0.000107         0  -0.00047
 0.810059         0 -9.3e-005         0 -5.5e-005
 0.909912         0 -0.000288         0  0.000441
  1.01001         0 -0.000519         0  0.001054
  1.11011         0 -0.000703         0  0.001519
  1.20996         0 -0.000875         0  0.001873
  1.31006         0 -0.001039         0  0.001957
  1.40991         0 -0.001032         0  0.002055
  1.51001         0   -0.0009         0  0.001795
  1.61011         0 -0.000656         0  0.001433
  1.70996         0  -0.00044         0  0.000898
  1.81006         0 -0.000325         0  0.000345
  1.90991         0 -6.9e-005         0   -5e-005
  2.01001         0  9.4e-005         0 -0.000354
  2.11011         0  0.000186         0 -0.000336
  2.20996         0   0.00021         0 -0.000115
  2.31006         0  0.000113         0  0.000143
  2.40991         0  -0.00023         0  0.000731
  2.51001         0 -0.000458         0  0.000983
  2.61011         0  -0.00079         0  0.001439
  2.70996         0 -0.000919         0  0.001599
  2.81006         0 -0.001089         0  0.001665
  2.90991         0 -0.001181         0  0.001767
  3.01001         0 -0.000928         0  0.001295
  3.11011         0 -0.000876         0  0.001158
  3.20996         0 -0.000292         0  0.000439
  3.31006         0 -3.2e-005         0  3.9e-005
  3.40991         0  0.000253         0 -0.000131
  3.51001         0  0.000184         0   -3e-006
  3.61011         0 -6.7e-005         0  0.000119
  3.70996         0 -7.3e-005         0  4.3e-005
  3.81006         0   -9e-006         0   -3e-005
  3.90991         0 -4.6e-005         0  4.3e-005
  4.01001         0 -0.000327         0   0.00012
  4.11011         0 -0.001578         0  0.000364
  4.20996         0 -0.004259         0  0.001149
  4.31006         0 -0.007514         0  0.001697
  4.40991         0 -0.012082         0   0.00234
  4.51001         0  -0.01623         0  0.002428
  4.61011         0 -0.020512         0  0.003004
  4.70996         0 -0.023925         0  0.003286
  4.81006         0 -0.026581         0   0.00341
  4.90991         0 -0.028456         0   0.00394
  5.01001         0 -0.030489         0  0.004299
  5.11011         0 -0.032119         0  0.004054
  5.20996         0 -0.034392         0  0.004306
  5.31006         0 -0.036961         0  0.004951
  5.40991         0 -0.039649         0  0.004904
  5.51001         0 -0.042575         0  0.005475
  5.61011         0 -0.045521         0  0.005899
  5.70996         0 -0.048147         0  0.005669
  5.81006         0 -0.051061         0  0.006385
  5.90991         0 -0.054141         0  0.006571
  6.01001         0 -0.056749         0  0.006569
  6.11011         0  -0.06008         0  0.007011
  6.20996         0 -0.063044         0   0.00734
  6.31006         0 -0.066547         0  0.007541
  6.40991         0 -0.070147         0  0.008287
  6.51001         0 -0.074079         0   0.00853
  6.61011         0 -0.077983         0   0.00929
  6.70996         0 -0.081567         0  0.009748
  6.81006         0 -0.084556         0  0.010192
  6.90991         0 -0.087926         0  0.010258
  7.01001         0 -0.091093         0  0.010954
  7.11011         0 -0.094489         0  0.010773
  7.20996         0 -0.099753         0  0.011165
  7.31006         0 -0.106776         0  0.012211
  7.40991         0  -0.11544         0  0.012143
  7.51001         0 -0.125312         0  0.013557
  7.61011         0 -0.135963         0  0.013965
  7.70996         0 -0.146296         0  0.014897
  7.81006         0 -0.156377         0  0.016468
  7.90991         0 -0.166105         0  0.017885
  8.01001         0 -0.173897         0  0.018409
  8.11011         0 -0.181385         0  0.019861
  8.20996         0 -0.188144         0  0.020551
  8.31006         0 -0.195021         0  0.020573
  8.40991         0 -0.202009         0  0.021276
  8.51001         0 -0.209828         0   0.02206
  8.61011         0 -0.218091         0  0.022627
  8.70996         0 -0.226739         0  0.023432
  8.81006         0 -0.235463         0  0.024787
  8.90991         0 -0.244834         0  0.025109
  9.01001         0 -0.253656         0  0.026368
  9.11011         0 -0.261951         0  0.027049
  9.20996         0 -0.270283         0   0.02804
  9.31006         0 -0.278192         0  0.028997
  9.40991         0 -0.286056         0  0.029252
  9.51001         0 -0.294055         0  0.030392
  9.61011         0 -0.303316         0  0.030858
  9.70996         0 -0.312471         0  0.031899
  9.81006         0 -0.323017         0  0.033261
  9.90991         0 -0.335127         0  0.035176
    10.01         0  -0.34979         0  0.035006
  10.1101         0 -0.364622         0  0.036731
    10.21         0 -0.381561         0  0.037081
  10.3101         0 -0.399486         0  0.038831
  10.4099         0 -0.416999         0  0.039808
    10.51         0 -0.436005         0  0.040498
  10.6101         0 -0.453921         0   0.04338
    10.71         0 -0.472094         0  0.044394
  10.8101         0 -0.489014         0  0.045924
  10.9099         0 -0.505891         0   0.04813
    11.01         0 -0.521538         0  0.048644
  11.1101         0 -0.537013         0  0.049143
    11.21         0 -0.552329         0  0.051503
  11.3101         0 -0.567772         0  0.052799
  11.4099         0 -0.583191         0  0.053187
    11.51         0 -0.600048         0  0.054397
  11.6101        -1 -0.618433         0  0.054959
    11.71        -1 -0.638352         0  0.055226
  11.8101        -1 -0.660438         0  0.055282
  11.9099        -1 -0.682166         0  0.055877
    12.01        -1 -0.704133         0  0.056532
  12.1101        -1 -0.725969         0  0.056719
    12.21        -1 -0.746408         0   0.05919
  12.3101        -1 -0.766027         0  0.060536
  12.4099        -1 -0.785983         0  0.062373
    12.51        -1 -0.805252         0  0.065657
  12.6101        -1 -0.824034         0  0.067562
    12.71        -1 -0.845294         0   0.06917
  12.8101        -1 -0.866832         0  0.071122
  12.9099        -1 -0.890012         0  0.074131
    13.01        -1 -0.912711         0  0.077234
  13.1101        -1 -0.936685         0  0.079984
    13.21        -1 -0.957949         0  0.083495
  13.3101        -1  -0.98099         0  0.083839
  13.4099        -1  -1.00513         0  0.085574
    13.51        -1  -1.02848         0   0.08652
  13.6101        -1   -1.0543         0  0.086394
    13.71        -1  -1.08232         0  0.088203
  13.8101        -1  -1.11116         0   0.09286
  13.9099        -1  -1.13973         0  0.098312
    14.01        -1  -1.16869         0  0.099107
  14.1101        -1  -1.19615         0  0.101368
    14.21        -1  -1.22154         0  0.103461
  14.3101        -1  -1.24397         0   0.10536
  14.4099        -1  -1.26519         0  0.107436
    14.51        -1  -1.28891         0  0.109731
  14.6101        -1  -1.31506         0  0.117064
    14.71        -1  -1.34921         0  0.115559
  14.8101        -1  -1.38685         0  0.115414
  14.9099        -1  -1.42893         0  0.114155
    15.01        -1  -1.47178         0  0.117599
  15.1101        -2  -1.51289         0  0.118069
    15.21        -2  -1.55312         0  0.122024
  15.3101        -2  -1.59249         0   0.12255
  15.4099        -2  -1.62466         0  0.128591
    15.51        -2   -1.6564         0  0.134442
  15.6101        -2  -1.68552         0  0.144457
    15.71        -2  -1.71631         0  0.152133
  15.8101        -2  -1.74343         0  0.157123
  15.9099        -2  -1.77358         0  0.158114
    16.01        -2  -1.80223         0  0.164009
  16.1101        -2  -1.83281         0   0.16718
    16.21        -2  -1.86712         0  0.172032
  16.3101        -2  -1.90312         0  0.173599
  16.4099        -2  -1.93845         0  0.177541
    16.51        -2  -1.97778         0  0.178832
  16.6101        -2  -2.01739         0  0.181969
    16.71        -2  -2.05767         0  0.187094
  16.8101        -2  -2.09936         0  0.186924
  16.9099        -2  -2.14286         0  0.184119
    17.01        -2  -2.18309         0  0.187084
  17.1101        -2  -2.22567         0  0.189482
    17.21        -2  -2.27175         0  0.189733
  17.3101        -2  -2.31629         0   0.18987
  17.4099        -2  -2.36027         0  0.197542
    17.51        -2  -2.40444         0  0.205665
  17.6101        -2  -2.45141         0  0.208255
    17.71        -2  -2.49847         0  0.213494
  17.8101        -3  -2.54019         0   0.22212
  17.9099        -3  -2.58292         0  0.226432
    18.01        -3  -2.62358         0  0.232537
  18.1101        -3  -2.66439         0  0.237866
    18.21        -3  -2.70651         0   0.24235
  18.3101        -3  -2.74739         0  0.245118
  18.4099        -3  -2.78831         0  0.252173
    18.51        -3  -2.83081         0  0.258742
  18.6101        -3  -2.87198         0  0.263317
    18.71        -3  -2.91319         0  0.267997
  18.8101        -3  -2.95501         0  0.271452
  18.9099        -3  -2.99733         0  0.275362
    19.01        -3  -3.04039         0  0.279349
  19.1101        -3   -3.0829         0  0.281983
    19.21        -3  -3.12442         0  0.281919
  19.3101        -3  -3.16738         0  0.282877
  19.4099        -3  -3.20684         0  0.284715
    19.51        -3  -3.24713         0  0.289193
  19.6101        -3   -3.2869         0  0.293893
    19.71        -3   -3.3262         0  0.297341
  19.8101        -3  -3.36461         0  0.301288
  19.9099        -3  -3.40795         0  0.301281
    20.01        -3  -3.45034         0  0.305067
  20.1101        -4  -3.49316         0  0.304452
    20.21        -4   -3.5372         0  0.306001
  20.3101        -4  -3.58013         0  0.309515
  20.4099        -4  -3.62348         0  0.311881
    20.52        -4  -3.67036         0  0.314663
  20.6101        -4  -3.70845         0  0.318742
    20.71        -4  -3.74925         0  0.320358
  20.8101        -4  -3.79183         0  0.324015
  20.9099        -4  -3.83417         0  0.323084
    21.01        -4  -3.87847         0  0.323763
  21.1101        -4  -3.92173         0  0.326398
    21.21        -4  -3.96673         0  0.329319
  21.3101        -4  -4.01014         0  0.330699
  21.4099        -4  -4.05259         0  0.332536
    21.51        -4  -4.09369         0  0.332477
  21.6101        -4  -4.13561         0  0.336301
    21.71        -4   -4.1758         0  0.341097
  21.8101        -4  -4.21684         0  0.343019
  21.9099        -4  -4.25956         0  0.347692
    22.01        -4  -4.30223         0   0.35209
  22.1101        -4  -4.34597         0  0.355061
    22.21        -4  -4.39035         0  0.359759
  22.3101        -4  -4.43558         0  0.360909
  22.4099        -5  -4.48281         0  0.363231
    22.51        -5  -4.53109         0  0.367452
  22.6101        -5  -4.57795         0  0.372018
    22.71        -5  -4.62578         0  0.376559
  22.8101        -5  -4.67211         0  0.382497
  22.9099        -5  -4.72083         0  0.385494
    23.01        -5  -4.76697         0  0.392715
  23.1101        -5  -4.81748         0  0.398502
    23.21        -5  -4.86897         0  0.402209
  23.3101        -5  -4.92687         0  0.405116
  23.4099        -5    -4.991         0  0.408216
    23.51        -5  -5.05951         0  0.404935
  23.6101        -5  -5.13076         0  0.407222
    23.71        -5  -5.20251         0  0.407806
  23.8101        -5  -5.27329         0  0.405139
  23.9099        -5  -5.33898         0  0.406049
    24.01        -5  -5.40275         0  0.406234
  24.1101        -5  -5.46288         0  0.404278
    24.21        -6  -5.52174         0  0.404861
  24.3101        -6  -5.57958         0  0.402907
  24.4099        -6  -5.63617         0  0.401745
    24.51        -6   -5.6917         0  0.403252
  24.6101        -6  -5.74823         0  0.402323
    24.71        -6  -5.80775         0  0.404303
  24.8101        -6  -5.86753         0  0.407273
  24.9099        -6   -5.9286         0  0.408249
    25.01        -6  -5.99311         0  0.409769
  25.1101        -6  -6.05535         0  0.411668
    25.21        -6  -6.11725         0  0.410657
  25.3101        -6  -6.17604         0  0.409534
  25.4099        -6  -6.23362         0  0.408283
    25.51        -6  -6.29047         0  0.404998
  25.6101        -6  -6.34565         0  0.408219
    25.71        -6  -6.40475         0  0.411596
  25.8101        -6  -6.46591         0  0.413928
  25.9099        -6  -6.52936         0  0.419291
    26.01        -7  -6.59544         0  0.423574
  26.1101        -7  -6.66276         0  0.429114
    26.21        -7  -6.72978         0    0.4325
  26.3101        -7  -6.79853         0  0.436374
  26.4099        -7  -6.86355         0  0.440173
    26.51        -7   -6.9283         0  0.445434
  26.6101        -7  -6.99077         0  0.449425
    26.71        -7  -7.05229         0  0.452989
  26.8101        -7  -7.11122         0  0.454013
  26.9099        -7   -7.1709         0  0.456054
    27.01        -7  -7.23026         0  0.460565
  27.1101        -7  -7.29262         0  0.461882
    27.21        -7  -7.35734         0  0.466375
  27.3101        -7   -7.4295         0   0.46658
  27.4099        -8  -7.50345         0  0.469479
    27.51        -8  -7.58234         0   0.47144
  27.6101        -8  -7.66139         0  0.473895
    27.71        -8  -7.73924         0  0.473621
  27.8101        -8  -7.81647         0  0.475036
  27.9099        -8  -7.89399         0  0.477361
    28.01        -8  -7.96853         0   0.47985
  28.1101        -8  -8.04182         0  0.480351
    28.21        -8  -8.11456         0  0.480515
  28.3101        -8  -8.18513         0  0.478545
  28.4099        -8  -8.25882         0  0.477657
    28.51        -8  -8.33206         0  0.477268
  28.6101        -8  -8.40641         0   0.47694
    28.71        -9   -8.4818         0  0.477117
  28.8101        -9  -8.55755         0  0.476443
  28.9099        -9  -8.63441         0  0.477933
    29.01        -9  -8.70987         0  0.480747
  29.1101        -9   -8.7877         0    0.4831
    29.21        -9  -8.86333         0  0.483558
  29.3101        -9  -8.94214         0  0.484385
  29.4099        -9  -9.02455         0  0.484847
    29.51        -9  -9.11162         0  0.486492
  29.6101        -9  -9.20158         0   0.48882
    29.71        -9  -9.29592         0  0.493306
  29.8201        -9  -9.39933         0  0.497574
  29.9099       -10  -9.48417         0  0.499273
    30.01       -10  -9.57712         0  0.501053
  30.1101       -10  -9.66983         0  0.502245
    30.21       -10  -9.75974         0   0.50383
  30.3101       -10  -9.84805         0  0.502988
  30.4099       -10   -9.9358         0  0.500094
    30.51       -10  -10.0253         0  0.499039
  30.6101       -10  -10.1133         0  0.496741
    30.71       -10  -10.2004         0  0.496043
  30.8101       -10  -10.2888         0  0.496773
  30.9099       -10  -10.3795         0  0.495635
    31.01       -11  -10.4726         0   0.49577
  31.1101       -11  -10.5713         0  0.494794
    31.21       -11  -10.6741         0  0.493301
  31.3101       -11  -10.7811         0  0.495914
  31.4099       -11  -10.8896         0  0.496125
    31.51       -11  -11.0005         0   0.49454
  31.6101       -11  -11.1114         0   0.49297
    31.71       -11  -11.2203         0  0.494451
  31.8101       -11    -11.33         0  0.493203
  31.9099       -12   -11.437         0  0.492436
    32.01       -12  -11.5423         0  0.490359
  32.1101       -12  -11.6475         0  0.489512
    32.21       -12  -11.7508         0  0.490648
  32.3101       -12  -11.8559         0  0.489648
  32.4099       -12  -11.9615         0  0.485981
    32.51       -12  -12.0679         0  0.485462
  32.6101       -12   -12.174         0  0.485081
    32.71       -12  -12.2829         0  0.483639
  32.8101       -12  -12.3952         0   0.48215
  32.9099       -13  -12.5141         0  0.486219
    33.01       -13  -12.6344         0  0.488495
  33.1101       -13  -12.7558         0  0.486434
    33.21       -13  -12.8834         0  0.488655
  33.3101       -13  -13.0078         0  0.486921
  33.4099       -13  -13.1331         0  0.488926
    33.51       -13  -13.2561         0  0.486463
  33.6101       -13   -13.378         0  0.485746
    33.71       -14   -13.496         0  0.482681
  33.8101       -14  -13.6144         0  0.482315
  33.9099       -14  -13.7319         0  0.483695
    34.01       -14  -13.8498         0  0.486846
  34.1101       -14  -13.9696         0  0.490024
    34.21       -14  -14.0892         0  0.491554
  34.3101       -14  -14.2132         0  0.491071
  34.4099       -14  -14.3364         0  0.490608
    34.51       -14  -14.4593         0  0.484992
  34.6101       -15  -14.5808         0  0.478514
    34.71       -15  -14.7037         0  0.469971
  34.8101       -15  -14.8308         0  0.456743
  34.9099       -15  -14.9642         0  0.445509
    35.01       -15   -15.108         0  0.436427
  35.1101       -15  -15.2599         0  0.436239
    35.21       -15  -15.4188         0  0.438523
  35.3101       -16  -15.5846         0  0.439235
  35.4099       -16  -15.7521         0  0.438272
    35.51       -16  -15.9204         0  0.441298
  35.6101       -16  -16.0878         0  0.443963
    35.71       -16  -16.2496         0  0.446533
  35.8101       -16  -16.4087         0  0.455093
  35.9099       -16  -16.5672         0  0.465761
    36.01       -17  -16.7236         0  0.480164
  36.1101       -17  -16.8754         0   0.48923
    36.21       -17  -17.0292         0  0.489218
  36.3101       -17  -17.1849         0   0.48425
  36.4099       -17  -17.3424         0   0.47827
    36.51       -18   -17.496         0  0.475601
  36.6101       -18  -17.6526         0  0.471056
    36.71       -18  -17.8084         0  0.468831
  36.8101       -18   -17.966         0   0.47066
  36.9099       -18  -18.1237         0  0.478391
    37.01       -18   -18.282         0   0.49025
  37.1101       -19  -18.4398         0   0.48979
    37.21       -19  -18.5966         0   0.48618
  37.3101       -19  -18.7549         0  0.487365
  37.4099       -19  -18.9106         0  0.489541
    37.51       -19  -19.0663         0  0.498626
  37.6101       -19  -19.2233         0  0.507929
    37.71       -19  -19.3817         0  0.520987
  37.8101       -19  -19.5434         0  0.529739
  37.9099       -20  -19.7038         0  0.536589
    38.01       -20  -19.8633         0  0.534545
  38.1101       -20  -20.0223         0  0.527687
    38.21       -20  -20.1801         0  0.524264
  38.3101       -20  -20.3344         0  0.519958
  38.4099       -21  -20.4884         0  0.521601
    38.51       -21  -20.6435         0  0.525838
  38.6101       -21  -20.8015         0  0.529926
    38.71       -21  -20.9625         0   0.53235
  38.8101       -21  -21.1248         0  0.531217
  38.9099       -21  -21.2842         0   0.52962
    39.01       -21  -21.4395         0  0.526979
  39.1101       -22  -21.5962         0   0.52591
    39.21       -22  -21.7515         0  0.527463
  39.3101       -22  -21.9077         0  0.529449
  39.4099       -22  -22.0647         0  0.533282
    39.51       -22  -22.2243         0  0.529765
  39.6101       -22  -22.3845         0  0.526707
    39.71       -23  -22.5435         0  0.521347
  39.8101       -23  -22.6999         0  0.520365
  39.9099       -23  -22.8583         0   0.51902
    40.01       -23  -23.0162         0  0.518306
  40.1101       -23  -23.1739         0  0.518279
    40.21       -23  -23.3288         0   0.51877
  40.3101       -24  -23.4837         0  0.523138
  40.4099       -24  -23.6386         0  0.533889
    40.51       -24  -23.7958         0  0.541324
  40.6101       -24  -23.9546         0  0.546189
    40.71       -24   -24.108         0  0.551166
  40.8101       -24  -24.2651         0  0.548254
  40.9099       -24  -24.4202         0  0.539842
    41.01       -25  -24.5795         0  0.531862
  41.1101       -25  -24.7385         0  0.522458
    41.21       -25  -24.8965         0  0.520683
  41.3101       -25  -25.0536         0  0.515431
  41.4099       -25  -25.2101         0  0.514208
    41.51       -25  -25.3696         0  0.516453
  41.6101       -26  -25.5285         0  0.513105
    41.71       -26  -25.6857         0  0.508101
  41.8101       -26   -25.846         0  0.504223
  41.9099       -26  -26.0079         0  0.502646
    42.01       -26  -26.1701         0  0.496235
  42.1101       -26  -26.3295         0   0.49127
    42.21       -27  -26.4901         0  0.489513
  42.3101       -27  -26.6441         0  0.490269
  42.4099       -27  -26.7996         0   0.48689
    42.51       -27  -26.9543         0  0.487909
  42.6101       -27  -27.1132         0   0.48553
    42.71       -27  -27.2718         0  0.478192
  42.8101       -27   -27.433         0  0.469483
  42.9099       -28  -27.5968         0  0.460695
    43.01       -28  -27.7547         0  0.454847
  43.1101       -28  -27.9141         0  0.459195
    43.21       -28   -28.077         0  0.470102
  43.3101       -28  -28.2357         0  0.475685
  43.4099       -28  -28.3982         0  0.474379
    43.51       -29  -28.5585         0  0.470438
  43.6101       -29  -28.7201         0  0.465825
    43.71       -29  -28.8804         0  0.459968
  43.8101       -29  -29.0446         0  0.458892
  43.9099       -29  -29.2063         0  0.459979
    44.01       -29  -29.3652         0  0.460277
  44.1101       -30  -29.5242         0  0.460279
    44.21       -30  -29.6823         0  0.458034
  44.3101       -30  -29.8383         0  0.453179
  44.4099       -30  -29.9941         0  0.450313
    44.51       -30  -30.1489         0  0.450108
  44.6101       -30  -30.3044         0  0.448385
    44.71       -31  -30.4623         0  0.447404
  44.8101       -31   -30.622         0  0.448024
  44.9099       -31  -30.7819         0  0.458518
    45.01       -31   -30.943         0  0.473988
  45.1101       -31  -31.1031         0  0.487753
    45.21       -31  -31.2623         0  0.492908
  45.3101       -31  -31.4198         0    0.4956
  45.4099       -32  -31.5774         0  0.491427
    45.51       -32  -31.7368         0  0.487895
  45.6101       -32  -31.8947         0  0.482549
    45.71       -32  -32.0532         0  0.477118
  45.8101       -32  -32.2093         0  0.475315
  45.9099       -32  -32.3633         0  0.474711
    46.01       -33  -32.5183         0  0.476206
  46.1101       -33  -32.6764         0  0.480225
    46.21       -33  -32.8366         0  0.480964
  46.3101       -33  -32.9954         0  0.480976
  46.4099       -33  -33.1518         0  0.485701
    46.51       -33  -33.3096         0  0.489477
  46.6101       -34  -33.4683         0  0.497855
    46.71       -34  -33.6267         0  0.506766
  46.8101       -34  -33.7834         0  0.515469
  46.9099       -34    -33.94         0  0.517021
    47.01       -34  -34.0932         0   0.51675
  47.1101       -34  -34.2479         0  0.514456
    47.21       -34  -34.4008         0  0.510538
  47.3101       -35  -34.5561         0   0.50897
  47.4099       -35  -34.7102         0  0.510085
    47.51       -35  -34.8659         0  0.511381
  47.6101       -35  -35.0212         0  0.514726
    47.71       -35  -35.1788         0   0.51873
  47.8101       -35  -35.3394         0  0.516555
  47.9099       -36  -35.4991         0  0.514905
    48.01       -36  -35.6552         0  0.518507
  48.1101       -36  -35.8097         0  0.522877
    48.21       -36  -35.9648         0  0.527514
  48.3101       -36  -36.1195         0  0.530484
  48.4099       -36  -36.2727         0  0.527859
    48.51       -36  -36.4251         0  0.528881
  48.6101       -37  -36.5798         0  0.526846
    48.71       -37   -36.733         0  0.523378
  48.8101       -37  -36.8901         0  0.522888
  48.9099       -37  -37.0445         0  0.522369
    49.01       -37   -37.201         0  0.521829
  49.1101       -37  -37.3563         0  0.522358
    49.21       -38  -37.5118         0  0.524472
  49.3101       -38  -37.6689         0  0.524584
  49.4099       -38  -37.8285         0  0.527508
    49.51       -38  -37.9848         0  0.528756
  49.6101       -38  -38.1448         0  0.531849
    49.71       -38  -38.2997         0   0.53203
  49.8101       -39   -38.454         0   0.53027
  49.9099       -39   -38.607         0  0.529664
    50.01       -39  -38.7609         0  0.528461
  50.1101       -39  -38.9138         0  0.524808
    50.21       -39  -39.0694         0  0.524769
  50.3101       -39  -39.2252         0  0.523784
  50.4099       -39  -39.3813         0  0.527275
    50.51       -40  -39.5385         0   0.52716
  50.6101       -40  -39.6987         0  0.528019
    50.71       -40  -39.8577         0  0.529292
  50.8101       -40  -40.0191         0  0.528505
  50.9099       -40  -40.1751         0   0.52316
    51.01       -40  -40.3334         0  0.511249
  51.1101       -41  -40.4937         0   0.49848
    51.21       -41  -40.6482         0  0.489576
  51.3101       -41  -40.8032         0  0.483949
  51.4099       -41  -40.9622         0  0.485819
    51.51       -41  -41.1181         0  0.482477
  51.6101       -41  -41.2706         0  0.478501
    51.71       -41  -41.4238         0  0.476204
  51.8101       -42  -41.5777         0  0.474161
  51.9099       -42  -41.7346         0  0.473367
    52.01       -42   -41.892         0   0.47222
  52.1101       -42  -42.0501         0   0.46973
    52.21       -42  -42.2052         0  0.470921
  52.3101       -42  -42.3623         0   0.47372
  52.4099       -42  -42.5237         0   0.47279
    52.51       -43  -42.6804         0  0.469207
  52.6101       -43  -42.8392         0  0.468991
    52.71       -43  -42.9945         0   0.46436
  52.8101       -43  -43.1505         0  0.462759
  52.9099       -43  -43.3057         0  0.459529
    53.01       -44  -43.4602         0  0.457984
  53.1101       -44  -43.6154         0  0.458378
    53.21       -44  -43.7702         0  0.455504
  53.3101       -44   -43.927         0  0.451712
  53.4099       -44  -44.0832         0  0.454117
    53.51       -44  -44.2431         0  0.453574
  53.6101       -44  -44.4028         0   0.45238
    53.71       -45  -44.5597         0  0.447434
  53.8101       -45  -44.7181         0  0.440119
  53.9099       -45  -44.8731         0  0.437036
    54.01       -45   -45.029         0   0.43819
  54.1101       -45  -45.1853         0  0.443918
    54.21       -45  -45.3441         0  0.447096
  54.3101       -46  -45.5037         0  0.451351
  54.4099       -46  -45.6639         0  0.451298
    54.51       -46   -45.823         0  0.447659
  54.6201       -46  -45.9961         0  0.442031
    54.71       -46   -46.134         0  0.437548
  54.8101       -46  -46.2898         0  0.432141
  54.9099       -46  -46.4429         0  0.430236
    55.01       -47  -46.5984         0  0.430724
  55.1101       -47  -46.7577         0  0.432277
    55.21       -47  -46.9151         0  0.439706
  55.3101       -47  -47.0772         0  0.443885
  55.4099       -47  -47.2357         0   0.44832
    55.51       -48  -47.3969         0  0.447046
  55.6101       -48   -47.556         0  0.444572
    55.71       -48  -47.7136         0  0.443353
  55.8101       -48  -47.8663         0  0.442266
  55.9099       -48  -48.0215         0  0.446612
    56.01       -48  -48.1771         0  0.453237
  56.1101       -48  -48.3367         0  0.457477
    56.21       -49   -48.495         0  0.455217
  56.3101       -49  -48.6525         0  0.452885
  56.4199       -49   -48.824         0  0.453096
    56.51       -49  -48.9627         0  0.453293
  56.6101       -49  -49.1206         0  0.451155
    56.71       -49  -49.2757         0  0.451464
  56.8101       -49  -49.4335         0   0.45484
  56.9099       -50  -49.5875         0   0.45779
    57.01       -50  -49.7461         0  0.458294
  57.1101       -50  -49.9023         0  0.461857
    57.21       -50  -50.0557         0  0.462454
  57.3101       -50  -50.2014         0  0.461237
  57.4099       -50  -50.3402         0  0.456157
    57.51       -51  -50.4748         0  0.456413
  57.6101       -51  -50.6064         0  0.458214
    57.71       -51  -50.7359         0  0.458469
  57.8101       -51   -50.865         0  0.458134
  57.9099       -51   -50.997         0  0.460285
    58.01       -51  -51.1296         0  0.461307
  58.1101       -51  -51.2673         0  0.461722
    58.21       -51  -51.4055         0  0.464778
  58.3101       -52  -51.5472         0  0.466784
  58.4099       -52  -51.6851         0  0.471534
    58.51       -52  -51.8253         0  0.473562
  58.6101       -52  -51.9631         0   0.47263
    58.71       -52  -52.1007         0  0.468877
  58.8101       -52  -52.2363         0  0.470232
  58.9099       -52  -52.3749         0  0.471018
    59.01       -53  -52.5108         0  0.472088
  59.1101       -53  -52.6478         0  0.473831
    59.21       -53  -52.7853         0  0.473951
  59.3101       -53  -52.9243         0  0.475473
  59.4099       -53  -53.0634         0  0.478461
    59.51       -53  -53.2014         0  0.477686
  59.6101       -53  -53.3412         0  0.473228
    59.71       -54  -53.4788         0  0.472043
  59.8101       -54   -53.616         0  0.475956
  59.9099       -54  -53.7539         0  0.479235
    60.01       -54  -53.8917         0  0.480023
  60.1101       -54  -54.0299         0  0.481432
    60.21       -54  -54.1681         0  0.480568
  60.3101       -54  -54.3048         0  0.475941
  60.4099       -54  -54.4385         0  0.476437
    60.51       -55  -54.5689         0   0.47681
  60.6101       -55  -54.6968         0  0.475094
    60.71       -55  -54.8238         0  0.477024
  60.8101       -55  -54.9498         0  0.477172
  60.9099       -55  -55.0743         0  0.479378
    61.01       -55   -55.202         0  0.479938
  61.1101       -56  -55.3303         0  0.481454
    61.21       -56  -55.4589         0  0.483663
  61.3101       -56  -55.5886         0  0.481176
  61.4099       -56  -55.7191         0  0.481162
    61.51       -56  -55.8512         0  0.482011
  61.6101       -56   -55.982         0  0.483266
    61.71       -56   -56.112         0  0.479877
  61.8101       -56  -56.2419         0  0.478593
  61.9099       -56  -56.3705         0  0.478423
    62.01       -57  -56.4995         0  0.477211
  62.1101       -57  -56.6279         0  0.475765
    62.21       -57  -56.7567         0  0.478767
  62.3101       -57  -56.8856         0  0.480846
  62.4099       -57   -57.015         0    0.4838
    62.51       -57  -57.1453         0   0.48498
  62.6101       -57  -57.2745         0   0.48575
    62.71       -58  -57.4035         0  0.484838
  62.8101       -58  -57.5322         0  0.483054
  62.9099       -58  -57.6594         0  0.483322
    63.01       -58  -57.7876         0  0.485569
  63.1101       -58  -57.9143         0  0.485812
    63.21       -58  -58.0419         0  0.488141
  63.3101       -58  -58.1693         0  0.485633
  63.4099       -58  -58.2968         0   0.48268
    63.51       -59  -58.4247         0  0.480772
  63.6101       -59  -58.5534         0  0.480815
    63.71       -59  -58.6827         0  0.480281
  63.8101       -59  -58.8096         0  0.479106
  63.9099       -59  -58.9355         0  0.478103
    64.01       -59  -59.0608         0  0.476968
  64.1101       -59  -59.1878         0  0.475964
    64.21       -59  -59.3117         0  0.471827
  64.3101       -59  -59.4386         0  0.470983
  64.4099       -60  -59.5652         0  0.469499
    64.51       -60  -59.6934         0  0.470719
  64.6101       -60  -59.8212         0  0.474739
    64.71       -60  -59.9487         0   0.47678
  64.8101       -60  -60.0752         0  0.472797
  64.9099       -60  -60.2027         0  0.469804
    65.01       -61  -60.3318         0  0.470111
  65.1101       -61  -60.4616         0  0.469165
    65.21       -61  -60.5902         0  0.466936
  65.3101       -61   -60.719         0  0.465439
  65.4099       -61  -60.8472         0  0.463078
    65.51       -61  -60.9735         0  0.463656
  65.6101       -61  -61.1007         0  0.464995
    65.71       -61  -61.2247         0  0.467847
  65.8101       -61  -61.3443         0  0.467647
  65.9099       -62  -61.4629         0  0.469382
    66.01       -62  -61.5796         0  0.468018
  66.1101       -62  -61.6942         0  0.466559
    66.21       -62  -61.8085         0  0.465676
  66.3101       -62   -61.923         0  0.466165
  66.4099       -62  -62.0384         0  0.466548
    66.51       -62  -62.1556         0  0.463869
  66.6101       -62  -62.2745         0  0.465093
    66.71       -63  -62.3941         0  0.465327
  66.8101       -63  -62.5125         0  0.465531
  66.9099       -63  -62.6323         0  0.464591
    67.01       -63  -62.7499         0  0.464229
  67.1101       -63  -62.8689         0  0.458419
    67.21       -63   -62.983         0  0.457958
  67.3101       -63  -63.0998         0  0.457866
  67.4099       -63  -63.2141         0  0.457409
    67.51       -63  -63.3284         0  0.454566
  67.6101       -64  -63.4449         0  0.451804
    67.71       -64   -63.561         0  0.444013
  67.8101       -64  -63.6684         0   0.45258
  67.9099       -64  -63.7786         0  0.455645
    68.01       -64  -63.8893         0  0.466676
  68.1101       -64  -64.0034         0  0.478757
    68.21       -64  -64.1168         0  0.496001
  68.3101       -64   -64.224         0  0.522101
  68.4099       -64  -64.3355         0   0.54402
    68.52       -65  -64.4602         0  0.572548
  68.6101       -65  -64.5598         0  0.586923
    68.71       -65  -64.6636         0  0.608417
  68.8101       -65  -64.7567         0  0.658716
  68.9099       -65  -64.8599         0  0.670851
    69.01       -65  -64.9687         0  0.668854
  69.1101       -65  -65.0748         0  0.666085
    69.21       -66  -65.1795         0  0.665759
  69.3101       -66  -65.2828         0  0.666211
  69.4099       -66  -65.3865         0  0.664072
    69.51       -66  -65.4896         0  0.663993
  69.6101       -66  -65.5936         0  0.664703
    69.71       -66  -65.6978         0  0.666827
  69.8101       -66  -65.8037         0  0.661945
  69.9099       -66  -65.9083         0  0.656836
    70.01       -66  -66.0153         0  0.654907
  70.1101       -66  -66.1229         0  0.651398
    70.21       -67  -66.2278         0  0.650531
  70.3101       -67  -66.3303         0  0.648221
  70.4099       -67  -66.4279         0    0.6439
    70.51       -67  -66.5255         0  0.638988
  70.6101       -67  -66.6184         0  0.636623
    70.71       -67  -66.7083         0  0.635383
  70.8101       -67  -66.7947         0  0.636196
  70.9199       -67  -66.8886         0  0.638192
    71.01       -67  -66.9648         0   0.63882
  71.1101       -67  -67.0528         0  0.641334
    71.21       -67  -67.1439         0  0.645561
  71.3101       -68  -67.2381         0  0.650494
  71.4099       -68   -67.336         0  0.659353
    71.51       -68  -67.4372         0  0.667314
  71.6101       -68  -67.5393         0     0.675
    71.71       -68  -67.6443         0  0.684346
  71.8101       -68  -67.7437         0  0.699678
  71.9099       -68  -67.8367         0  0.720246
    72.01       -68  -67.9323         0   0.72698
  72.1101       -68  -68.0046         0  0.752628
    72.21       -68  -68.0716         0  0.746027
  72.3101       -69  -68.1481         0  0.745853
  72.4099       -69  -68.2374         0  0.759767
    72.51       -69  -68.3201         0  0.785274
  72.6101       -69  -68.4113         0  0.779102
    72.71       -69  -68.4983         0  0.774421
  72.8101       -69  -68.5842         0  0.784051
  72.9099       -69  -68.6345         0  0.787167
    73.01       -69  -68.7153         0  0.798644
  73.1101       -69  -68.7894         0   0.81725
    73.21       -69  -68.8661         0  0.817133
  73.3101       -69  -68.9427         0  0.816081
  73.4099       -69  -69.0199         0  0.814607
    73.51       -70  -69.0952         0  0.822288
  73.6101       -70  -69.1701         0   0.83721
    73.71       -70   -69.252         0   0.83335
  73.8101       -70  -69.3358         0  0.832965
  73.9099       -70  -69.4212         0  0.831523
    74.01       -70  -69.5068         0  0.832964
  74.1101       -70  -69.5875         0   0.81596
    74.21       -70  -69.6647         0  0.803575
  74.3101       -70  -69.7318         0  0.776624
  74.4099       -70  -69.7922         0  0.755881
    74.51       -70  -69.8618         0  0.714326
  74.6101       -70  -69.9294         0  0.684182
    74.71       -71   -70.008         0  0.673798
  74.8101       -71  -70.0786         0  0.640546
  74.9099       -71  -70.1569         0  0.631235
    75.01       -71  -70.2317         0  0.614203
  75.1101       -71  -70.2996         0  0.575878
    75.21       -71  -70.3648         0  0.552927
  75.3101       -71  -70.4255         0  0.529737
  75.4099       -71  -70.4863         0  0.516057
    75.51       -71  -70.5284         0  0.468539
  75.6101       -71  -70.5821         0  0.446335
    75.71       -71  -70.6382         0  0.423303
  75.8101       -71  -70.6963         0  0.402817
  75.9099       -71   -70.756         0  0.381162
    76.01       -72  -70.8195         0  0.365613
  76.1101       -72  -70.8893         0  0.356277
    76.21       -72  -70.9565         0   0.34362
  76.3101       -72  -71.0211         0  0.329722
  76.4099       -72  -71.0787         0  0.322852
    76.51       -72   -71.136         0  0.298468
  76.6101       -72   -71.197         0  0.305915
    76.71       -72  -71.2566         0  0.289397
  76.8101       -72  -71.3278         0  0.291799
  76.9099       -72  -71.3929         0  0.280861
    77.01       -72  -71.4629         0   0.28121
  77.1201       -72  -71.5404         0  0.280013
    77.21       -72   -71.599         0  0.293867
  77.3101       -72  -71.6692         0  0.294321
  77.4099       -72  -71.7402         0  0.294049
    77.51       -73  -71.8094         0  0.293949
  77.6101       -73  -71.8792         0  0.292086
    77.71       -73  -71.9503         0  0.291266
  77.8101       -73  -72.0213         0  0.289792
  77.9099       -73  -72.0898         0  0.292149
    78.02       -73  -72.1678         0  0.291423
  78.1101       -73  -72.2321         0  0.289077
    78.21       -73  -72.3024         0  0.287828
  78.3101       -73  -72.3739         0  0.288507
  78.4099       -73  -72.4447         0  0.290513
    78.51       -73  -72.5123         0  0.290047
  78.6101       -73  -72.5768         0  0.291258
    78.71       -74  -72.6267         0  0.279805
  78.8101       -74  -72.6716         0  0.273829
  78.9099       -74  -72.7126         0  0.259486
    79.01       -74   -72.762         0  0.260084
  79.1101       -74  -72.8104         0  0.260312
    79.21       -74  -72.8544         0  0.259928
  79.3101       -74  -72.8918         0   0.24811
  79.4099       -74  -72.9373         0  0.248728
    79.51       -74  -72.9746         0  0.264077
  79.6101       -74  -73.0121         0  0.258246
    79.71       -74  -73.0294         0  0.264103
  79.8101       -74  -73.0554         0   0.27653
  79.9099       -74  -73.1137         0   0.27456
    80.01       -74  -73.1712         0  0.272959
  80.1101       -74  -73.2297         0  0.272213
    80.21       -74  -73.2795         0  0.266001
  80.3101       -74  -73.3365         0  0.267001
  80.4099       -74  -73.3808         0  0.279596
    80.51       -74  -73.4223         0  0.288025
  80.6101       -74  -73.4532         0  0.285156
    80.71       -74  -73.4903         0  0.295283
  80.8101       -75  -73.5215         0  0.262634
  80.9099       -75  -73.5602         0  0.269976
    81.01       -75  -73.5926         0  0.296688
  81.1101       -75  -73.6402         0  0.282955
    81.21       -75  -73.6874         0  0.264763
  81.3101       -75  -73.7326         0  0.252515
  81.4099       -75  -73.7798         0  0.238725
    81.51       -75  -73.8303         0  0.237497
  81.6101       -75  -73.8802         0  0.239473
    81.71       -75  -73.9178         0  0.227111
  81.8101       -75  -73.9604         0  0.224771
  81.9099       -75  -73.9992         0  0.225806
    82.01       -75  -74.0366         0  0.224273
  82.1101       -75  -74.0724         0  0.226457
    82.21       -75  -74.1067         0  0.227155
  82.3101       -75  -74.1438         0  0.225598
  82.4099       -75  -74.1771         0  0.213001
    82.51       -75   -74.217         0  0.212085
  82.6101       -75  -74.2571         0  0.209737
    82.71       -75     -74.3         0  0.210646
  82.8101       -75  -74.3423         0  0.210849
  82.9099       -75  -74.3829         0  0.209446
    83.01       -76  -74.4269         0  0.212069
  83.1101       -76  -74.4661         0  0.211622
    83.21       -76  -74.5065         0  0.213092
  83.3101       -76  -74.5427         0  0.214095
  83.4099       -76  -74.5818         0  0.218857
    83.51       -76  -74.6202         0  0.219202
  83.6101       -76  -74.6577         0  0.222758
    83.71       -76   -74.695         0  0.224565
  83.8101       -76  -74.7341         0  0.223612
  83.9099       -76  -74.7733         0   0.22563
    84.01       -76  -74.8147         0  0.226827
  84.1101       -76  -74.8537         0  0.231938
    84.21       -76  -74.8941         0  0.232895
  84.3101       -76   -74.935         0   0.23563
  84.4099       -76  -74.9731         0   0.23381
    84.51       -76   -75.012         0  0.236828
  84.6101       -76  -75.0494         0  0.234387
    84.71       -76   -75.088         0  0.237607
  84.8101       -76  -75.1252         0  0.237193
  84.9099       -76  -75.1596         0  0.221743
    85.01       -76  -75.1893         0  0.208928
  85.1101       -76  -75.2299         0  0.209449
    85.21       -76  -75.2685         0  0.210372
  85.3101       -77  -75.2931         0  0.181343
  85.4099       -77   -75.326         0  0.171221
    85.51       -77  -75.3648         0  0.168202
  85.6101       -77  -75.3982         0  0.159592
    85.71       -77  -75.4145         0  0.156243
  85.8101       -77  -75.4391         0   0.13357
  85.9099       -77  -75.4598         0  0.110927
    86.01       -77  -75.4781         0  0.091342
  86.1101       -77   -75.497         0  0.066796
    86.21       -77  -75.5148         0  0.041481
  86.3101       -77  -75.5429         0  0.044208
  86.4099       -77  -75.5518         0  0.019482
    86.51       -77  -75.5719         0 -0.006525
  86.6101       -77   -75.588         0 -0.042051
    86.71       -77  -75.6092         0 -0.064682
  86.8101       -77  -75.6334         0 -0.077603
  86.9099       -77  -75.6534         0 -0.115514
    87.01       -77  -75.6825         0 -0.117377
  87.1101       -77  -75.7105         0 -0.114276
    87.21       -77  -75.7391         0 -0.112948
  87.3101       -77  -75.7678         0 -0.110497
  87.4099       -77  -75.7992         0 -0.109095
    87.51       -77  -75.8208         0 -0.129688
  87.6101       -77  -75.8418         0 -0.148719
    87.71       -77  -75.8671         0 -0.160809
  87.8101       -77  -75.8942         0 -0.159011
  87.9099       -77  -75.9182         0 -0.159426
    88.01       -77  -75.9401         0 -0.160583
  88.1101       -77  -75.9574         0 -0.159989
    88.21       -77   -75.974         0 -0.159712
  88.3101       -77  -75.9774         0 -0.184131
  88.4099       -77  -75.9847         0 -0.215858
    88.51       -77  -75.9873         0 -0.244243
  88.6101       -77  -75.9963         0 -0.258766
    88.71       -77  -76.0017         0 -0.286588
  88.8101       -78  -76.0171         0 -0.286009
  88.9099       -78  -76.0272         0 -0.315555
    89.01       -78  -76.0408         0 -0.327677
  89.1101       -78  -76.0582         0 -0.329413
    89.21       -78  -76.0745         0   -0.3309
  89.3101       -78  -76.0883         0 -0.330307
  89.4099       -78  -76.0943         0 -0.343395
    89.51       -78  -76.1013         0 -0.342352
  89.6101       -78  -76.1048         0 -0.341803
    89.71       -78  -76.1038         0 -0.341732
  89.8101       -78  -76.0999         0 -0.341961
  89.9099       -78  -76.0945         0 -0.342303
    90.01       -78    -76.09         0 -0.342296
  90.1101       -78  -76.0861         0 -0.342391
    90.21       -78  -76.0846         0 -0.342618
  90.3101       -78  -76.0851         0 -0.342221
  90.4099       -78  -76.0858         0 -0.342042
    90.51       -78  -76.0863         0 -0.342675
  90.6101       -78  -76.0862         0  -0.34294
    90.71       -78  -76.0855         0  -0.34256
  90.8101       -78  -76.0849         0 -0.342596
  90.9099       -78  -76.0851         0 -0.342348
    91.01       -78  -76.0851         0 -0.342217
  91.1101       -78   -76.085         0 -0.342573
    91.21       -78  -76.0852         0  -0.34259
  91.3101       -78  -76.0847         0  -0.34272
  91.4099       -78  -76.0847         0 -0.342493
    91.51       -78  -76.0851         0 -0.342249
  91.6101       -78  -76.0849         0 -0.342423
    91.71       -78  -76.0848         0 -0.342533
  91.8101       -78   -76.085         0 -0.342282
  91.9099       -78   -76.085         0 -0.342105
    92.01       -78   -76.085         0 -0.342265
  92.1101       -78  -76.0853         0 -0.342121
    92.21       -78  -76.0851         0 -0.341981
  92.3101       -78   -76.085         0 -0.342287
  92.4099       -78  -76.0852         0 -0.342237
    92.51       -78  -76.0852         0 -0.342288
  92.6101       -78  -76.0852         0 -0.342313
    92.71       -78  -76.0854         0 -0.342136
  92.8101       -78   -76.085         0 -0.342255
  92.9099       -78   -76.085         0 -0.341939
    93.01       -78  -76.0852         0 -0.342161
  93.1101       -78  -76.0849         0 -0.342431
    93.21       -78   -76.085         0 -0.342148
  93.3101       -78  -76.0851         0  -0.34274
  93.4099       -78  -76.0849         0 -0.342426
    93.51       -78   -76.085         0 -0.342356
  93.6101       -78   -76.085         0 -0.342798
    93.71       -78  -76.0848         0 -0.342455
  93.8101       -78   -76.085         0 -0.342401
  93.9099       -78   -76.085         0   -0.3429
    94.01       -78  -76.0849         0 -0.342635
  94.1101       -78  -76.0852         0 -0.342645
    94.21       -78  -76.0849         0 -0.342926
  94.3101       -78  -76.0847         0 -0.342599
  94.4099       -78  -76.0849         0  -0.34256
    94.51       -78  -76.0849         0 -0.342936
  94.6101       -78  -76.0848         0 -0.342586
    94.71       -78  -76.0849         0 -0.342775
  94.8101       -78  -76.0849         0  -0.34292
  94.9099       -78  -76.0848         0 -0.342353
    95.01       -78  -76.0848         0 -0.342768
  95.1101       -78  -76.0846         0  -0.34279
    95.21       -78  -76.0846         0 -0.342548
  95.3101       -78  -76.0847         0 -0.342988
  95.4099       -78  -76.0845         0 -0.342833
    95.51       -78  -76.0846         0 -0.342665
  95.6101       -78  -76.0845         0 -0.342817
    95.71       -78  -76.0843         0 -0.342935
  95.8101       -78  -76.0846         0 -0.342712
  95.9099       -78  -76.0845         0 -0.342603
    96.01       -78  -76.0843         0 -0.342808
  96.1101       -78  -76.0847         0 -0.342521
    96.21       -78  -76.0845         0 -0.342423
  96.3101       -78  -76.0844         0  -0.34235
  96.4099       -78  -76.0846         0 -0.342328
    96.51       -78  -76.0845         0 -0.342517
  96.6101       -78  -76.0844         0 -0.342278
    96.71       -78  -76.0847         0 -0.342252
  96.8101       -78  -76.0845         0 -0.342448