0.0889893         0         0         0         0
 0.187988         0  1.5e-005        -1 -4.4e-005
 0.289001         0  2.8e-005        -1 -0.000103
 0.389008         0  7.4e-005        -1 -1.7e-005
 0.488007         0  0.107667        -1 -0.005469
 0.588989         0  0.234913        -1 -0.004762
 0.688995         0  0.367682        -1 -0.005285
 0.789001         1  0.504698        -1 -0.017437
 0.889008         1   0.64555        -1 -0.035831
 0.988007         1  0.786133        -1 -0.046451
  1.08899         1  0.930809        -1 -0.048229
  1.18799         1   1.07325        -1 -0.054285
    1.289         1   1.22171        -1 -0.066707
    1.388         1   1.36012        -1 -0.068497
  1.48801         2   1.50214        -1 -0.067111
  1.58801         2   1.63698        -1 -0.065676
    1.689         2   1.77883        -1 -0.068918
  1.78799         2    1.9169        -1 -0.058215
    1.888         2   2.06005        -1  -0.05873
  1.98801         2   2.20484        -1 -0.058605
  2.08801         3   2.35872        -1  -0.05224
  2.18799         3    2.5079        -1 -0.038995
  2.28799         3   2.67124        -1 -0.017262
  2.38901         3   2.84794        -1 -0.003731
  2.48801         3   3.01947        -1  -0.00901
  2.58801         4   3.21192        -1 -0.008395
  2.68799         4   3.39795        -1  -0.01071
    2.789         4   3.58882        -1  0.008309
    2.888         4   3.78192        -1  0.006673
  2.98801         4   3.97879        -1  0.025424
  3.08899         5   4.17538        -1  0.034726
  3.18799         5   4.37257        -1  0.066999
    3.289         5   4.57819        -1   0.08013
    3.388         5   4.76519        -1  0.094096
  3.48801         5   4.97557        -1  0.120142
  3.58899         6   5.17471        -1  0.140168
  3.68799         6   5.38018        -1  0.150777
  3.78799         6   5.58614        -1  0.177129
    3.888         6   5.78887        -1  0.188913
  3.98801         7   5.99592        -1  0.207751
  4.08801         7   6.20194        -1  0.218138
  4.18799         7   6.41228        -1  0.240375
  4.28799         7   6.61868        -1   0.26782
    4.388         7   6.82804        -1  0.292701
  4.48801         8    7.0325        -1  0.312679
  4.58899         8   7.23486         0  0.326838
  4.68799         8   7.44777         0  0.340148
  4.78799         8   7.65106         0  0.348808
  4.89301         8   7.86062         0  0.355975
  4.98801         9    8.0501         0  0.347767
  5.08801         9   8.24899         0   0.32666
  5.18799         9   8.45485         0  0.334989
  5.28799         9   8.65996         0  0.320871
    5.388         9   8.87111         0  0.324728
  5.48901        10   9.07456         0  0.295975
  5.58899        10   9.29271         0  0.312064
    5.689        10   9.49118         0  0.298776
  5.78799        10   9.69773         0  0.296372
  5.88901        11   9.90806         0  0.275817
  5.98801        11   10.1147         1  0.238972
  6.08801        11   10.3177         1  0.206567
  6.18799        11   10.5156         1  0.162953
    6.289        11   10.7222         1  0.138299
    6.388        12   10.9164         1  0.110817
  6.48801        12   11.1149         1  0.100612
  6.58801        12   11.3188         1  0.084288
  6.68799        12    11.523         1  0.067302
  6.78799        12   11.7234         1  0.052955
    6.888        12   11.9316         1  0.045086
  6.98901        13   12.1341         2  0.035608
  7.08899        13   12.3425         2  0.024698
  7.18799        13    12.543         2  0.011129
  7.28799        13   12.7449         2 -0.005805
    7.388        13    12.947         2 -0.006467
  7.48901        14   13.1561         2  0.011375
  7.58801        14   13.3618         2 -0.009838
  7.68799        14   13.5654         2 -0.006467
  7.78799        14   13.7734         2  -0.01376
    7.888        14   13.9774         2 -0.019128
  7.98801        15   14.1878         3 -0.026769
  8.08801        15   14.3943         3 -0.030305
  8.18799        15    14.602         3 -0.039019
  8.28799        15   14.8103         3 -0.046415
    8.388        15   15.0207         3 -0.035884
  8.48801        16   15.2287         3 -0.030791
  8.58801        16   15.4386         3 -0.017228
  8.68799        16    15.639         3 -0.031257
  8.78799        16   15.8409         3 -0.022601
    8.888        16   16.0559         3 -0.039892
  8.98901        17    16.264         3 -0.031197
  9.08801        17    16.475         3 -0.031825
    9.189        17   16.6848         4 -0.031424
  9.28799        17   16.9056         4 -0.046009
    9.388        18   17.1145         4 -0.025377
  9.48801        18   17.3312         4 -0.012392
  9.58801        18    17.541         4  0.003716
    9.689        18   17.7593         4  0.001151
  9.78799        18   17.9638         4  0.015445
    9.888        19   18.1751         4  0.028989
  9.98801        19   18.3899         4  0.068874
   10.088        19   18.5974         4  0.094557
   10.188        19   18.8109         4  0.130416
   10.288        19   19.0196         4  0.150403
   10.388        20   19.2291         4  0.173346
   10.488        20   19.4413         4  0.206618
   10.588        20   19.6477         4  0.210977
   10.692        20   19.8671         4  0.202284
   10.788        20   20.0681         4  0.225064
   10.888        21   20.2802         5  0.251619
   10.989        21   20.4922         5  0.281031
   11.088        21   20.7065         5  0.292137
   11.188        21   20.9104         5  0.281195
   11.288        22   21.1218         5  0.316721
   11.389        22   21.3313         5  0.341223
   11.488        22   21.5344         5  0.357137
   11.588        22   21.7394         5  0.388829
   11.688        22   21.9456         5  0.409787
   11.788        23   22.1572         5  0.427576
   11.888        23   22.3672         5  0.441426
   11.988        23   22.5878         5  0.439476
   12.088        23   22.7886         5  0.438302
   12.188        23   23.0042         5  0.433338
   12.288        24   23.2189         5  0.436437
   12.389        24   23.4346         5  0.411907
   12.488        24   23.6452         5  0.396994
   12.588        24   23.8603         5  0.379633
   12.688        25   24.0771         5  0.353957
   12.788        25   24.2959         5   0.33423
   12.888        25   24.5024         5  0.331872
   12.988        25   24.7152         5  0.315045
   13.088        25   24.9315         5  0.283147
   13.188        26    25.145         5  0.255756
   13.288        26   25.3641         5   0.21401
   13.388        26   25.5766         5  0.195551
   13.489        26   25.7892         5  0.188964
   13.588        27   25.9972         5  0.166926
   13.689        27   26.2142         5  0.143751
   13.789        27   26.4279         5  0.139263
   13.888        27   26.6333         5  0.126432
   13.989        27   26.8517         5  0.090601
   14.088        28   27.0681         5  0.062387
   14.188        28   27.2835         5  0.029105
   14.288        28   27.4991         5 -0.009638
   14.388        28   27.7138         5 -0.033646
   14.488        29   27.9258         5 -0.051832
   14.588        29   28.1341         5 -0.067167
   14.688        29   28.3436         5 -0.092029
   14.788        29    28.559         5 -0.094345
   14.889        29   28.7734         5 -0.104277
   14.988        30   28.9874         4 -0.108838
   15.088        30   29.1955         4 -0.103757
   15.188        30   29.4099         4 -0.088072
   15.288        30    29.627         4  -0.07985
   15.389        30   29.8427         4 -0.077841
   15.488        31   30.0603         4 -0.093275
   15.588        31   30.2793         4 -0.094771
   15.688        31   30.4955         4 -0.097321
   15.789        31   30.7167         4 -0.103565
   15.889        31   30.9322         4 -0.125049
   15.989        32   31.1506         4 -0.145612
   16.089        32   31.3685         4    -0.197
   16.189        32   31.5827         4 -0.223805
   16.288        32   31.7923         3 -0.246349
   16.388        32   32.0068         3 -0.271478
   16.488        33   32.2181         3 -0.260066
   16.588        33   32.4307         3  -0.27039
   16.688        33   32.6445         3 -0.287138
   16.789        33   32.8564         3 -0.292215
   16.888        33   33.0614         3 -0.311023
   16.989        34   33.2754         3 -0.352002
   17.088        34   33.4823         2 -0.400547
   17.189        34   33.6922         2 -0.437736
   17.288        34   33.9002         2 -0.484583
   17.389        34   34.1146         2 -0.517266
   17.488        35   34.3253         2 -0.561648
   17.589        35   34.5383         2 -0.605517
   17.688        35   34.7465         2 -0.653227
   17.788        35   34.9541         2 -0.695092
   17.889        35   35.1702         1 -0.711919
   17.989        35   35.3828         1 -0.748069
   18.088        36   35.5861         1 -0.770078
   18.189        36   35.8036         1 -0.784893
   18.288        36   36.0066         1 -0.829308
   18.388        36   36.2255         1 -0.849561
   18.489        36    36.443         1 -0.915103
   18.589        37   36.6535         1 -0.948543
   18.689        37   36.8679         0 -0.969819
   18.789        37   37.0804         0 -0.983578
   18.888        37   37.2891         0 -0.998179
   18.988        37    37.494         0 -0.996673
   19.088        37   37.7083         0  -1.01109
   19.188        38   37.9162         0  -1.01288
   19.288        38   38.1275         0  -1.01656
   19.388        38    38.333         0   -1.0028
   19.488        38   38.5502        -1 -0.995598
   19.588        38   38.7514        -1 -0.986151
   19.688        38   38.9624        -1 -0.968363
   19.789        39   39.1727        -1  -0.95388
   19.888        39   39.3863        -1 -0.939538
   19.988        39   39.5985        -1 -0.921816
   20.088        39   39.8056        -1 -0.910873
   20.189        39   40.0142        -2 -0.895629
   20.288        40   40.2152        -2 -0.873136
   20.389        40   40.4297        -2 -0.869576
   20.489        40   40.6244        -2 -0.859761
   20.588        40   40.8378        -2 -0.856477
   20.688        40   41.0462        -2 -0.838073
   20.788        41   41.2575        -2 -0.818093
   20.889        41   41.4631        -2 -0.790477
   20.989        41   41.6653        -2 -0.768456
   21.088        41   41.8666        -2 -0.753612
   21.188        41   42.0737        -2 -0.737901
   21.288        42   42.2871        -2 -0.724011
   21.389        42    42.481        -3  -0.71166
   21.488        42   42.6926        -3 -0.686124
   21.588        42   42.8967        -3 -0.669847
   21.688        43   43.1127        -3 -0.639288
   21.788        43   43.3076        -3 -0.629879
   21.888        43   43.5197        -3 -0.606252
   21.988        43    43.719        -3 -0.589707
   22.088        43   43.9246        -3  -0.57074
   22.189        44   44.1304        -3 -0.547987
   22.288        44    44.329        -3 -0.532574
   22.389        44   44.5444        -3 -0.504496
   22.488        44    44.753        -3 -0.471698
   22.588        44   44.9649        -3  -0.43615
   22.688        45   45.1674        -3 -0.409974
   22.788        45   45.3815        -3  -0.38273
   22.888        45    45.588        -3  -0.35679
   22.988        45   45.8012        -3  -0.32682
   23.089        46   45.9987        -3 -0.306343
   23.189        46   46.2067        -3 -0.277623
   23.288        46   46.4155        -3    -0.243
   23.388        46   46.6166        -2 -0.213211
   23.488        46     46.83        -2 -0.171085
   23.589        47    47.044        -2 -0.131483
   23.689        47   47.2589        -2 -0.089088
   23.788        47   47.4642        -2  -0.05529
   23.889        47   47.6769        -2 -0.020713
    23.99        47    47.887        -2  0.005107
   24.088        48   48.0887        -2  0.025591
   24.189        48   48.3052        -2  0.044596
   24.288        48   48.5126        -2  0.067999
   24.389        48    48.726        -2  0.080249
   24.489        48   48.9159        -2  0.024088
   24.588        49   49.1142        -2  0.018844
   24.688        49   49.3173        -2  0.026016
   24.788        49   49.5242        -2  0.029436
   24.888        49   49.7394        -2  0.031443
   24.989        49   49.9361        -1 -0.014529
   25.088        50   50.1474        -1 -0.018822
   25.188        50   50.3615        -1 -0.019649
   25.289        50   50.5742        -1 -0.052152
   25.388        50   50.7723        -1 -0.084153
   25.489        50   50.9918        -1 -0.069524
   25.588        51   51.1958        -1 -0.103811
   25.688        51   51.4054        -1 -0.113834
   25.788        51   51.6155         0 -0.148988
   25.888        51   51.8269         0  -0.16719
   25.988        51   52.0432         0 -0.184764
   26.088        52   52.2416         0  -0.19175
   26.188        52   52.4615         0  -0.16715
   26.288        52   52.6707         0 -0.145444
   26.389        52   52.8849         0 -0.115513
   26.489        52   53.0922         0 -0.095564
   26.588        52    53.299         1 -0.085347
   26.688        53   53.5095         1 -0.070955
   26.789        53   53.7219         1 -0.061057
   26.889        53   53.9359         1 -0.034124
   26.988        53   54.1479         1 -0.020424
   27.089        53   54.3686         1 -0.011895
   27.188        54   54.5863         1  0.001393
   27.288        54   54.7987         1   0.00679
   27.389        54   55.0111         1   0.02246
   27.489        54   55.2094         1  0.015195
   27.588        54   55.3753         2 -0.000661
   27.689        54   55.5401         2 -0.005346
   27.789        55   55.6721         2 -0.029703
   27.889        55   55.7942         2 -0.031116
   27.988        55   55.8956         2 -0.039575
   28.088        55   55.9779         2 -0.042596
   28.189        55   56.0541         2  -0.04443
   28.289        55   56.1251         2 -0.042335
   28.389        55   56.1955         2 -0.039161
   28.489        55   56.2702         2 -0.033328
   28.589        55    56.353         2 -0.023232
   28.689        55   56.4396         2 -0.023798
   28.788        55   56.5332         2 -0.022543
   28.888        55   56.6336         2 -0.024537
   28.988        56   56.7442         2 -0.017064
   29.089        56   56.8545         2  -0.01853
   29.189        56   56.9699         2 -0.013356
   29.288        56    57.078         2 -0.010923
   29.388        56   57.1817         2 -0.016861
   29.488        56    57.286         2 -0.023708
   29.588        56   57.3815         2 -0.026775
   29.689        56   57.4757         2 -0.043163
   29.788        56   57.5648         3 -0.037758
   29.889        56   57.6527         3 -0.045562
   29.988        56   57.7383         3 -0.052022
   30.088        57   57.8241         3 -0.048356
   30.188        57   57.9108         3 -0.063835
   30.288        57   58.0029         3 -0.067838
   30.388        57    58.096         3 -0.083354
   30.488        57   58.1913         3 -0.093641
   30.588        57   58.2902         3 -0.101199
   30.688        57   58.3863         3 -0.117096
   30.788        57   58.4862         3  -0.12269
   30.889        57   58.5842         3 -0.136218
   30.989        57   58.6793         3 -0.144262
   31.089        57   58.7665         3 -0.159565
   31.188        58   58.8475         3 -0.161002
   31.288        58   58.9186         3 -0.167317
   31.389        58   58.9785         3 -0.167434
   31.489        58   59.0297         3 -0.168395
   31.588        58   59.0693         3 -0.171027
   31.688        58   59.0998         3 -0.170291
   31.788        58   59.1228         3 -0.169205
   31.888        58   59.1369         3 -0.167109
   31.988        58   59.1441         3 -0.167009
   32.088        58   59.1443         3 -0.166356
   32.188        58   59.1402         3 -0.165835
   32.288        58    59.134         3 -0.165653
   32.388        58   59.1287         3 -0.166019
   32.488        58   59.1237         3  -0.16632
   32.589        58   59.1207         3 -0.166726
   32.689        58   59.1195         3 -0.166792
   32.788        58   59.1199         3 -0.166561
   32.889        58   59.1208         3  -0.16629
   32.989        58   59.1214         3 -0.166267
   33.088        58   59.1212         3 -0.166202
   33.188        58   59.1206         3 -0.166115
   33.288        58   59.1204         3 -0.166314
   33.388        58   59.1206         3 -0.166312
   33.488        58   59.1209         3 -0.165975
   33.588        58   59.1209         3 -0.165857
   33.689        58   59.1205         3 -0.165763
   33.788        58   59.1204         3 -0.165844
   33.888        58   59.1205         3 -0.166027
   33.989        58   59.1207         3 -0.166093
    34.09        58   59.1207         3 -0.166004
   34.188        58   59.1205         3 -0.165961
   34.288        58   59.1204         3 -0.165899
   34.388        58   59.1204         3 -0.165957
   34.488        58   59.1205         3    -0.166
   34.589        58   59.1205         3 -0.166147
   34.688        58   59.1204         3 -0.166069
   34.788        58   59.1204         3 -0.165959
   34.888        58   59.1204         3 -0.165976
   34.988        58   59.1204         3 -0.166016
   35.088        58   59.1203         3 -0.166012
   35.188        58   59.1203         3 -0.166018
   35.288        58   59.1203         3 -0.166012
   35.388        58   59.1203         3 -0.165872
   35.488        58   59.1204         3 -0.165848
   35.588        58   59.1204         3 -0.165836
   35.688        58   59.1204         3  -0.16587
   35.788        58   59.1204         3 -0.165869
   35.888        58   59.1203         3 -0.165923
   35.988        58   59.1203         3 -0.165846
   36.088        58   59.1204         3 -0.165844
   36.188        58   59.1204         3 -0.165767
   36.288        58   59.1205         3 -0.165788
   36.388        58   59.1205         3 -0.165818
   36.488        58   59.1204         3 -0.165746
   36.589        58   59.1204         3 -0.165829
   36.689        58   59.1204         3 -0.165783
   36.788        58   59.1204         3 -0.165707
   36.888        58   59.1204         3 -0.165713
   36.988        58   59.1204         3 -0.165718
   37.088        58   59.1204         3 -0.165761
   37.189        58   59.1203         3 -0.165719
   37.288        58   59.1203         3 -0.165646
   37.388        58   59.1203         3 -0.165619
   37.488        58   59.1203         3  -0.16557
   37.589        58   59.1203         3 -0.165548
   37.688        58   59.1203         3 -0.165536
   37.788        58   59.1203         3  -0.16551
   37.888        58   59.1202         3 -0.165567
   37.988        58   59.1202         3  -0.16561
   38.088        58   59.1202         3 -0.165625
   38.188        58   59.1202         3 -0.165615
   38.288        58   59.1203         3 -0.165764
   38.388        58   59.1204         3 -0.165817
   38.488        58   59.1204         3 -0.165829
   38.588        58   59.1203         3 -0.165836
   38.688        58   59.1202         3 -0.165873
   38.788        58   59.1202         3 -0.165877
   38.889        58   59.1201         3   -0.1658
   38.989        58   59.1201         3 -0.165846
   39.088        58   59.1201         3 -0.165751
   39.188        58   59.1201         3 -0.165709
   39.288        58   59.1201         3 -0.165635
   39.388        58     59.12         3 -0.165522
   39.488        58     59.12         3 -0.165673
   39.588        58     59.12         3 -0.165797